10000000000000000000000000000000000000000000000000000000
11000000000000000000000000000000000000000000000000000000
11100000000000000000000000000000000000000000000000000000
11110000000000000000000000000000000000000000000000000000
11111000000000000000000000000000000000000000000000000000
11111100000000000000000000000000000000000000000000000000
11111110000000000000000000000000000000000000000000000000
11111111000000000000000000000000000000000000000000000000
11111111100000000000000000000000000000000000000000000000
11111111110000000000000000000000000000000000000000000000
11111111111000000000000000000000000000000000000000000000
11111111111100000000000000000000000000000000000000000000
11111111111110000000000000000000000000000000000000000000
11111111111111000000000000000000000000000000000000000000
11111111111111100000000000000000000000000000000000000000
11111111111111110000000000000000000000000000000000000000
11111111111111111000000000000000000000000000000000000000
11111111111111111100000000000000000000000000000000000000
11111111111111111110000000000000000000000000000000000000
11111111111111111111000000000000000000000000000000000000
11111111111111111111100000000000000000000000000000000000
11111111111111111111110000000000000000000000000000000000
11111111111111111111111000000000000000000000000000000000
11111111111111111111111100000000000000000000000000000000
11111111111111111111111110000000000000000000000000000000
11111111111111111111111111000000000000000000000000000000
11111111111111111111111111100000000000000000000000000000
11111111111111111111111111110000000000000000000000000000
11111111111111111111111111111000000000000000000000000000
11111111111111111111111111111100000000000000000000000000
11111111111111111111111111111110000000000000000000000000
11111111111111111111111111111111000000000000000000000000
11111111111111111111111111111111100000000000000000000000
11111111111111111111111111111111110000000000000000000000
11111111111111111111111111111111111000000000000000000000
11111111111111111111111111111111111100000000000000000000
11111111111111111111111111111111111110000000000000000000
11111111111111111111111111111111111111000000000000000000
11111111111111111111111111111111111111100000000000000000
11111111111111111111111111111111111111110000000000000000
11111111111111111111111111111111111111111000000000000000
11111111111111111111111111111111111111111100000000000000
11111111111111111111111111111111111111111110000000000000
11111111111111111111111111111111111111111111000000000000
11111111111111111111111111111111111111111111100000000000
11111111111111111111111111111111111111111111110000000000
11111111111111111111111111111111111111111111111000000000
11111111111111111111111111111111111111111111111100000000
11111111111111111111111111111111111111111111111110000000
11111111111111111111111111111111111111111111111111000000
11111111111111111111111111111111111111111111111111100000
11111111111111111111111111111111111111111111111111110000
11111111111111111111111111111111111111111111111111111000
11111111111111111111111111111111111111111111111111111100
11111111111111111111111111111111111111111111111111111110
11111111111111111111111111111111111111111111111111111111

1 2

000000000000000000000000000010000000000000000000000000000
000000000000000000000111111111111111000000000000000000000
000000000000000000111111111111111111111000000000000000000
000000000000000011111111111111111111111110000000000000000
000000000000001111111111111111111111111111100000000000000
000000000000011111111111111111111111111111110000000000000
000000000001111111111111111111111111111111111100000000000
000000000011111111111111111111111111111111111110000000000
000000000111111111111111111111111111111111111111000000000
000000001111111111111111111111111111111111111111100000000
000000011111111111111111111111111111111111111111110000000
000000111111111111111111111111111111111111111111111000000
000000111111111111111111111111111111111111111111111000000
000001111111111111111111111111111111111111111111111100000
000011111111111111111111111111111111111111111111111110000
000011111111111111111111111111111111111111111111111110000
000111111111111111111111111111111111111111111111111111000
000111111111111111111111111111111111111111111111111111000
001111111111111111111111111111111111111111111111111111100
001111111111111111111111111111111111111111111111111111100
001111111111111111111111111111111111111111111111111111100
011111111111111111111111111111111111111111111111111111110
011111111111111111111111111111111111111111111111111111110
011111111111111111111111111111111111111111111111111111110
011111111111111111111111111111111111111111111111111111110
011111111111111111111111111111111111111111111111111111110
011111111111111111111111111111111111111111111111111111110
011111111111111111111111111111111111111111111111111111110
111111111111111111111111111111111111111111111111111111111
011111111111111111111111111111111111111111111111111111110
011111111111111111111111111111111111111111111111111111110
011111111111111111111111111111111111111111111111111111110
011111111111111111111111111111111111111111111111111111110
011111111111111111111111111111111111111111111111111111110
011111111111111111111111111111111111111111111111111111110
011111111111111111111111111111111111111111111111111111110
001111111111111111111111111111111111111111111111111111100
001111111111111111111111111111111111111111111111111111100
001111111111111111111111111111111111111111111111111111100
000111111111111111111111111111111111111111111111111111000
000111111111111111111111111111111111111111111111111111000
000011111111111111111111111111111111111111111111111110000
000011111111111111111111111111111111111111111111111110000
000001111111111111111111111111111111111111111111111100000
000000111111111111111111111111111111111111111111111000000
000000111111111111111111111111111111111111111111111000000
000000011111111111111111111111111111111111111111110000000
000000001111111111111111111111111111111111111111100000000
000000000111111111111111111111111111111111111111000000000
000000000011111111111111111111111111111111111110000000000
000000000001111111111111111111111111111111111100000000000
000000000000011111111111111111111111111111110000000000000
000000000000001111111111111111111111111111100000000000000
000000000000000011111111111111111111111110000000000000000
000000000000000000111111111111111111111000000000000000000
000000000000000000000111111111111111000000000000000000000
000000000000000000000000000010000000000000000000000000000

3 4

000000000000000000000000000010000000000000000000000000000
000000000000000000000000000111000000000000000000000000000
000000000000000000000000001111100000000000000000000000000
000000000000000000000000011111110000000000000000000000000
000000000000000000000000111111111000000000000000000000000
000000000000000000000001111111111100000000000000000000000
000000000000000000000011111111111110000000000000000000000
000000000000000000000111111111111111000000000000000000000
000000000000000000001111111111111111100000000000000000000
000000000000000000011111111111111111110000000000000000000
000000000000000000111111111111111111111000000000000000000
000000000000000001111111111111111111111100000000000000000
000000000000000011111111111111111111111110000000000000000
000000000000000111111111111111111111111111000000000000000
000000000000001111111111111111111111111111100000000000000
000000000000011111111111111111111111111111110000000000000
000000000000111111111111111111111111111111111000000000000
000000000001111111111111111111111111111111111100000000000
000000000011111111111111111111111111111111111110000000000
000000000111111111111111111111111111111111111111000000000
000000001111111111111111111111111111111111111111100000000
000000011111111111111111111111111111111111111111110000000
000000111111111111111111111111111111111111111111111000000
000001111111111111111111111111111111111111111111111100000
000011111111111111111111111111111111111111111111111110000
000111111111111111111111111111111111111111111111111111000
001111111111111111111111111111111111111111111111111111100
011111111111111111111111111111111111111111111111111111110
111111111111111111111111111111111111111111111111111111111
011111111111111111111111111111111111111111111111111111110
001111111111111111111111111111111111111111111111111111100
000111111111111111111111111111111111111111111111111111000
000011111111111111111111111111111111111111111111111110000
000001111111111111111111111111111111111111111111111100000
000000111111111111111111111111111111111111111111111000000
000000011111111111111111111111111111111111111111110000000
000000001111111111111111111111111111111111111111100000000
000000000111111111111111111111111111111111111111000000000
000000000011111111111111111111111111111111111110000000000
000000000001111111111111111111111111111111111100000000000
000000000000111111111111111111111111111111111000000000000
000000000000011111111111111111111111111111110000000000000
000000000000001111111111111111111111111111100000000000000
000000000000000111111111111111111111111111000000000000000
000000000000000011111111111111111111111110000000000000000
000000000000000001111111111111111111111100000000000000000
000000000000000000111111111111111111111000000000000000000
000000000000000000011111111111111111110000000000000000000
000000000000000000001111111111111111100000000000000000000
000000000000000000000111111111111111000000000000000000000
000000000000000000000011111111111110000000000000000000000
000000000000000000000001111111111100000000000000000000000
000000000000000000000000111111111000000000000000000000000
000000000000000000000000011111110000000000000000000000000
000000000000000000000000001111100000000000000000000000000
000000000000000000000000000111000000000000000000000000000
000000000000000000000000000010000000000000000000000000000

5 6

11111111111111111111111111111111111111111111111111111111
11111111111111111111111111111111111111111111111111111111
11111111111111111111111111111111111111111111111111111111
11111111111111111111111111111111111111111111111111111111
11111111111111111111111111111111111111111111111111111111
11111111111111111111111111111111111111111111111111111111
11111111111111111111111111111111111111111111111111111111
11111111111111111111111111111111111111111111111111111111
11111111111111111111111111111111111111111111111111111111
11111111111111111111111111111111111111111111111111111111
11111111111111111111111111111111111111111111111111111111
11111111111111111111111111111111111111111111111111111111
11111111111111111111111111111111111111111111111111111111
11111111111111111111111111111111111111111111111111111111
11111111111111111111111111111111111111111111111111111111
11111111111111111111111111111111111111111111111111111111
11111111111111111111111111111111111111111111111111111111
11111111111111111111111111111111111111111111111111111111
11111111111111111111111111111111111111111111111111111111
11111111111111111111111111111111111111111111111111111111
11111111111111111111111111111111111111111111111111111111
11111111111111111111111111111111111111111111111111111111
11111111111111111111111111111111111111111111111111111111
11111111111111111111111111111111111111111111111111111111
11111111111111111111111111111111111111111111111111111111
11111111111111111111111111111111111111111111111111111111
11111111111111111111111111111111111111111111111111111111
11111111111111111111111111111111111111111111111111111111
11111111111111111111111111111111111111111111111111111111
11111111111111111111111111111111111111111111111111111111
11111111111111111111111111111111111111111111111111111111
11111111111111111111111111111111111111111111111111111111
11111111111111111111111111111111111111111111111111111111
11111111111111111111111111111111111111111111111111111111
11111111111111111111111111111111111111111111111111111111
11111111111111111111111111111111111111111111111111111111
11111111111111111111111111111111111111111111111111111111
11111111111111111111111111111111111111111111111111111111
11111111111111111111111111111111111111111111111111111111
11111111111111111111111111111111111111111111111111111111
11111111111111111111111111111111111111111111111111111111
11111111111111111111111111111111111111111111111111111111
11111111111111111111111111111111111111111111111111111111
11111111111111111111111111111111111111111111111111111111
11111111111111111111111111111111111111111111111111111111
11111111111111111111111111111111111111111111111111111111
11111111111111111111111111111111111111111111111111111111
11111111111111111111111111111111111111111111111111111111
11111111111111111111111111111111111111111111111111111111
11111111111111111111111111111111111111111111111111111111
11111111111111111111111111111111111111111111111111111111
11111111111111111111111111111111111111111111111111111111
11111111111111111111111111111111111111111111111111111111
11111111111111111111111111111111111111111111111111111111
11111111111111111111111111111111111111111111111111111111
11111111111111111111111111111111111111111111111111111111

7 8

1111111111111111111111111111111111111111111111111111111111111111111111111111111111111111
1111111111111111111111111111111111111111111111111111111111111111111111111111111111111111
1111111111111111111111111111111111111111111111111111111111111111111111111111111111111111
1111111111111111111111111111111111111111111111111111111111111111111111111111111111111111
1111111111111111111111111111111111111111111111111111111111111111111111111111111111111111
1111111111111111111111111111111111111111111111111111111111111111111111111111111111111111
1111111111111111111111111111111111111111111111111111111111111111111111111111111111111111
1111111111111111111111111111111111111111111111111111111111111111111111111111111111111111
1111111111111111111111111111111111111111111111111111111111111111111111111111111111111111
1111111111111111111111111111111111111111111111111111111111111111111111111111111111111111
1111111111111111111111111111111111111111111111111111111111111111111111111111111111111111
1111111111111111111111111111111111111111111111111111111111111111111111111111111111111111
1111111111111111111111111111111111111111111111111111111111111111111111111111111111111111
1111111111111111111111111111111111111111111111111111111111111111111111111111111111111111
1111111111111111111111111111111111111111111111111111111111111111111111111111111111111111
1111111111111111111111111111111111111111111111111111111111111111111111111111111111111111
1111111111111111111111111111111111111111111111111111111111111111111111111111111111111111
1111111111111111111111111111111111111111111111111111111111111111111111111111111111111111
1111111111111111111111111111111111111111111111111111111111111111111111111111111111111111
1111111111111111111111111111111111111111111111111111111111111111111111111111111111111111
1111111111111111111111111111111111111111111111111111111111111111111111111111111111111111
1111111111111111111111111111111111111111111111111111111111111111111111111111111111111111
1111111111111111111111111111111111111111111111111111111111111111111111111111111111111111
1111111111111111111111111111111111111111111111111111111111111111111111111111111111111111
1111111111111111111111111111111111111111111111111111111111111111111111111111111111111111
1111111111111111111111111111111111111111111111111111111111111111111111111111111111111111
1111111111111111111111111111111111111111111111111111111111111111111111111111111111111111
1111111111111111111111111111111111111111111111111111111111111111111111111111111111111111
1111111111111111111111111111111111111111111111111111111111111111111111111111111111111111
1111111111111111111111111111111111111111111111111111111111111111111111111111111111111111
1111111111111111111111111111111111111111111111111111111111111111111111111111111111111111
1111111111111111111111111111111111111111111111111111111111111111111111111111111111111111
1111111111111111111111111111111111111111111111111111111111111111111111111111111111111111
1111111111111111111111111111111111111111111111111111111111111111111111111111111111111111
1111111111111111111111111111111111111111111111111111111111111111111111111111111111111111
1111111111111111111111111111111111111111111111111111111111111111111111111111111111111111
1111111111111111111111111111111111111111111111111111111111111111111111111111111111111111
1111111111111111111111111111111111111111111111111111111111111111111111111111111111111111
1111111111111111111111111111111111111111111111111111111111111111111111111111111111111111
1111111111111111111111111111111111111111111111111111111111111111111111111111111111111111
1111111111111111111111111111111111111111111111111111111111111111111111111111111111111111
1111111111111111111111111111111111111111111111111111111111111111111111111111111111111111
1111111111111111111111111111111111111111111111111111111111111111111111111111111111111111
1111111111111111111111111111111111111111111111111111111111111111111111111111111111111111
1111111111111111111111111111111111111111111111111111111111111111111111111111111111111111
1111111111111111111111111111111111111111111111111111111111111111111111111111111111111111
1111111111111111111111111111111111111111111111111111111111111111111111111111111111111111
1111111111111111111111111111111111111111111111111111111111111111111111111111111111111111
1111111111111111111111111111111111111111111111111111111111111111111111111111111111111111
1111111111111111111111111111111111111111111111111111111111111111111111111111111111111111
1111111111111111111111111111111111111111111111111111111111111111111111111111111111111111
1111111111111111111111111111111111111111111111111111111111111111111111111111111111111111
1111111111111111111111111111111111111111111111111111111111111111111111111111111111111111
1111111111111111111111111111111111111111111111111111111111111111111111111111111111111111
1111111111111111111111111111111111111111111111111111111111111111111111111111111111111111

9 10
